1	438
2	4,25,83,133,306,345,355,387,524,626,658,786,851,871,908,967,987,992
3	207,791
4	315,367,371,382,449,480,481,501,563,608,635,657,747,752,846
5	134
6	7,97,240,313,314,402,666,718,785,883
7	26
8	162,272,278,554,603,713,719,747,878,893
9	15,110,112,328,367,421,424,464,465,526,554,567,588,743,794,799
10	228,361,735
11	444,458,492,538,779,842
12	36,249,716
13	21,79,81,122,155,174,395,465,655,718,724,732,993
14	160,247,521,982
15	516,667,857
16	1,125,625,727,913,967
17	55,90,130,160,294,358,376,382,424,443,494,524,604,659,697,769,783,872,890,916
18	73,101,160,242,310,330,345,434,509,911
19	87,312,332,343,367,490,495,649,680,817,835,858,953,954,988
20	510,987
21	16,36,99,118,176,338,388,494,543,690,703,800,837,885,904,936,947
22	30,60,224,228,319,383,462,530,572,654,848,904,919
23	23,83,102,152,265,313,326,342,353,380,456,582,641,707,752,791,854,858,887,944
24	10,53,66,113,271,398,522,593
25	42,115,273,349,414,490,543,551,615,751,896,914,957,987,997
26	19,219,249,394,460,515,539,666,697,699
27	176
28	2,105,287,460,474,488,498,628,676,703,707,710,826,977
29	75,101,117,230,246,424,592,790,837
30	147,201,262,282,300,312,367,378,385,407,728
31	974
32	84,146,343,376,436,564,573,592,616,816,822,851,923,942,996
33	20,43,205,312,333,338,392,399,469,529,558,670,714,979
34	4,29,78,116,120,187,235,434,483,513,641,675,676,720,817,894,906,911,928,933
35	2,64,99,113,124,154,244,297,383,427,501,545,606,672,757,776,839,921,924
36	227,323,404,428,483,565,762,895,970
37	56,157,180,291,300,499,772,962
38	429,964
39	193,255,360,373,374,387,647,654,724,950
40	74,134,205,290,296,300,420,511
41	160,322,371,684,953
42	295,443,474,723,850,911
43	23,51,134,146,162,353,362,367,413,473,494,504,590,731,754,787,942
44	58,220,243,255,311,375,614,791,990
45	76,285,754,922
46	34,156,284,380,525,606,713,734,745,766,845,849
47	100,226,558
48	86,177,316,350,447,536,541,608,637,664,700,743,858,885,922,971
49	43,47,156,282,295,358,360,411,495,528,543,638,641,665,752,847,860
50	3,43,54,77,157,194,250,314,316,327,392,449,450,491,557
51	36,134,141,168,205,212,222,403,560,582,751,818,852,865
52	139,236,243,644,732,769,934,944,957
53	3,26,113,192,201,268,290,372,384,443,463,506,577,652,702,723,793,796,827,955
54	74,145,161,343,361,554,691,908
55	206,307,531,708,793,934
56	144,708
57	37,97,189,284,443,523,582,957
58	42,82,83,177,277,316,321,384,406,452,481,493,862,865,921
59	53,220,494,535,914
60	394,441,620,708,796
61	103,135,145,247,457,559,586,769,986
62	43,89,211,228,257,541,705,765
63	111,320,403,537,552,620,671,684,808
64	35,164,317,337,935,956
65	38,85,114,169,183,289,309,364,419,593,603,631,635,704,823,836,963,996
66	22,59,63,181,197,264,434,583,606,635,641,765,785,853,871
67	123,152,191,317,356,431,758
68	103,222,278,383,437,464,664,704,772,940,968,996
69	24,55,67,70,186,235,317,496,514,524,567,660,680,689,852,880,886,931,960,962
70	18,79,102,129,223,244,317,386,401,528,615,641,671,882,959,969,977,986
71	168,333,390,616
72	159,177,185,385,458
73	5,35,299,316,351,475,547,612,673,740,850,904,958
74	243,339,363,370,414,442,447,468,601,622,675,716,722,770,825,835,850,938,963,968
75	319,676,713,771,926,961
76	117,394,411,422,602,618,682,755,790,848,920
77	6,931
78	41,101,122,369,443,786,998
79	7,256,258,275,473,639,640,948,981
80	29,55,87,139,179,191,232,366,575,634,680,749,758,789,874
81	312,355,359,383,625,732,768,892
82	65,87,549,660,744,765,838
83	53,98,219,367,388,649,964
84	24,104,205,359,375,499,536,566,680,760,858,951
85	8,93,107,207,251,279,322,446,485,613,655,786,885,886,948,988
86	197,492
87	185,244,272,325,389,440,476,500,511,565,768,887
88	20,30,55,71,117,252,333,397,447,521,594,601,606,683,845,887
89	14,98,157,195,344,400,453,463,473,536,596,597,600,705,764,815,833,851
90	317,730,785
91	82,125,156,183,272,309,366,497,559,677,681,751,759,760,805,820,872,961
92	228
93	113,183,407,567,692,937
94	204,233,336,347,376,409,411,530,586,634,815,900,936,940
95	37,226,628,689,899,911
96	121,159,173,251,317,363,377,404,437,482,515,516,525,659,788,868,920
97	4,344,831
98	26,204,289,300,414,459,480,532,606,780,923,960,979,983
99	99,172,173,187,224,349,937
100	235,307,346,487,684
101	109,127,389,665,881
102	47,65,224,267,268,297,351,406,531,704,712,748,949
103	24,25,92,116,306,323,345,384,425,433,536,599,703,719,780,884
104	225,258,407,414,552,619,685,709,849,970,976
105	107,319,379,514,552,717,723,799
106	16,114,161,247,358,368,392,460,557,640,703,713,714,891
107	43,79,162,186,320,489,490,519,598,714
108	105,371,398,405,430,498,513,569,712,808,910,921
109	18,305,332,497,629,888,931,962
110	31,61,243,321,441,479,515,530,816
111	154,319,327
112	105,207,270,372,411,695,935,991
113	109
114	444,565,588,685,980
115	10,69,76,114,156,185,191,372,374,410,416,506,546,604,609,645,782,874,878,990
116	8,15,25,37,64,94,134,169,250,346,427,625,637,804,852,913,977
117	225,389,428,571,826
118	9,72,88,294,316,335,368,374,461,859,992
119	32,116,144,235,252,267,290,423,584,592,639,709,729,758,850,899,978
120	86,89,157,230,268,282,430,464,479,637,758,923,945,976
121	97,138,150,242,259,288,330,433,513,577,658,690,743,880,932,958,975,989
122	27,115,179,351,702,722,725,753,756,933
123	10,31,33,58,144,209,242,577,604,639,659,737,746,910,963,978
124	7,107
125	425,491,727
126	62,78,197,446,456,471,503,530,589,598,721,749,786,854,857,905,907
127	13,143,219,271,279,292,298,332,379,381,504,519,668,730,770,835,837,843,952,962
128	146,398,407,643,734,937
129	90,117,148,220,291,377,381,482,610,673,781,801,862,923,983
130	74,112,121,174,217,267,293,401,407,435,549,725,808,818,827,928,943
131	22,95,101,179,229,279,403,505,522,541,553,590,597,636,732,847,893,990
132	22,145,151,160,167,171,309,319,405,484,549,580,657,744,746,881,892,935
133	42,46,63,69,113,141,164,465,487,594,598,603,628,641,644,769,795,826,919,987
134	92,136,293,365,538,615,673,798,812,846
135	42,319,333,539,678,759
136	31,61,270,327,359,370,377,413,438,469,483,775,793,818
137	28,577,875
138	7,53,75,80,127,259,296,308,350,428,465,493,505,728,771,823,973,997
139	161,218,236,266,392,494,650,701,748,785,936,943,961,982
140	2,16,30,150,175,180,182,222,472,555,568,699,727,839,883,934
141	5,54,168,179,215,677,749,824,852,894
142	3,22,261,293,358,375,404,498,525,578,602,622,705,797,860,885,904,950,990
143	103,167,282,291,422,782,790,825,917,922
144	46,84,310,467,497,512,556,610,679,765,766,768,774,801,817,845,884,912,929,935
145	181
146	6,41,282,307,586,728,774,913,971
147	131,248,411
148	391,609,881,884
149	189,315,423,790,893,904,1000
150	49,96,135,154,158,225,239,316,326,451,454,650,656,687,689,753,925,977
151	93,585
152	119,208,253,256,369,410,525,532,544,594,633,746,834
153	40,41,96,98,146,177,261,264,425,443,605,639,719,724,733,814,905,974
154	351,375,614,920
155	83,137,344,443,493,656,661,663,745,773,924
156	163,470,599
157	142,274,352,497
158	91,175,313,422,457,715,728,894,971,993
159	70,71,165,225,357,458,515,600,753,789,807,813
160	50,84,121,139,169,192,266,290,313,345,401,412,542,576,585,660,796,913,976
161	121,138,245,325,338,381,406,412,468,473,577,599,604,610,611,651,695,851,990
162	31,49,223,339,352,369,402,411,437,484,499,576,608,633,792,951,988
163	106,165,208,221,240,432,437,581,624,626,794,796,950,967
164	41,53,145,264,508,539,596,733,953,980
165	26,74,215,428,462,613
166	109,214,350,408,457,470,482,484,540,579,656,674,686,819,830,844,860,883,891,932
167	188,227,577,689
168	294,378,468,612,694,783
169	32,36,58,98,119,125,157,203,299,363,429,436,522,564,628,733,906
170	382,531,559,745,809,816,837
171	121,224,256,621,825,859
172	142,147,246,257,276,700,721,775,903,945,967
173	64,122,149,173,201,275,431,489,592,644,652,747,931
174	35,495,634,734,866,890,932,936
175	252,605,613
176	503,622,626,670,935
177	75,82,133,303,356,373,406,422,822,925,995
178	107,126,214,273,425,438,473,475,635
179	84,147,201,279,319,350,358,359,491,532,596,618,700,798,816,883,903,937,975,999
180	391,552,562,764,967
181	67,119,186,244,289,303,316,330,406,551,552,621,622,664,686,687,731,780,994
182	146
183	86,135,191,456,457,680,701,781,810,834,864,896,955,987
184	1,112,114,115,143,200,270,447,491,568,606,637,671,833,856,872,898,925,984
185	522
186	18,76,95,139,168,230,277,654,729,815,844,926,996
187	87,343,458,955
188	80,155,157,233,328,429,438,481,489,562,672,715,849,999
189	46,53,172,173,188,360,378,443,458,497,508,633,811,833,844,900,949,953,956
190	11,72,74,137,199,280,309,314,379,472,510,549,773,892,897,931,982
191	147,148,173,249,527,651,799,986
192	132,475,646,653,926,928,957
193	46,59,173,312,502,650,679,693,694,697,789,819,901,948
194	68,270,340,368,449,502,580,724,736,776,821,945,972
195	225,333,473,487,572,629,641,670,685,710,721,802
196	57,268,292,410,423,428,450,503,520,789,875
197	55,209,424,647,766,839,866,878,885,904
198	6,24,34,83,137,155,219,232,358,365,367,466,671,678,720,755,838,912
199	387,552,564,600,648,810,870,931
200	89,388,540,579,886,993
201	2,49,299,307,336,392,642,672,994
202	76,86,148,178,265,275,334,376,435,466,543,549,596,812,839,940
203	103,117,137,208,311,425,453,478,503,531,541,568,643,651,669,741,813,830,956,1000
204	6,94,191,244,263,352,396,420,479,498,531,548,568,651,799,941
205	108,149,179,355,435,467,681,720,893
206	62,71,136,145,205,326,408,432,534,578,599,634,668,762,777,785,827
207	500,507,570,587
208	36,188,242,243,247,367,530,892
209	68,110,171,437,451,703,911,948
210	78,138,163,182,199,205,292,320,378,521,570,615,738,747,757,846,847,862,911,942
211	613,826,879
212	432,697,722
213	141,219,228,650,798,855,949,965
214	97,108,137,231,236,489,532,617,671,753,766,979,987
215	73,209,862,950
216	262,421,596,810
217	57,244,331,368,381,487,553,677,904
218	26,132,162,179,363,521,747,833,890
219	68,222,243,281,444,472,646,647,672,689,705,772,851,879,961
220	580,685,861
221	927
222	54,85,236,359,447,455,463,466,497,501,538,643,807,891,922,951,985,991
223	304,371,377,386,552,621,695,707,723,839,854,861
224	122,310,421,424,447,476,486,524,592,648,651,699,718,728,876,908,925
225	45,128,160,264,292,314,338,357,377,402,455,526,530,621,749,759,945
226	27,56,352,398,527,616,770
227	129,343,395,493,501,515,516,529,576,721,772,780
228	90,148,366
229	22,27,29,52,159,251,300,405,783,976
230	34,58,149,223,236,255,341,620,683,686,717,756,827,835
231	18,83,427,487,549,552,600,601,655,759,981
232	121,138,192,217,398,411,489,575,612,648,724,851,868
233	196,265,454,649,735
234	94,200,215,351,374,390,451,458,512,535,538,765,824,835,846,878,932
235	24,102,153,220,284,321,343,384,412,449,541,630,656,673,693,762,767,776,947,981
236	1,101,114,158,224,300,327,339,408,425,495,517,523,543,695,764,814,964
237	31,33,153,183,202,262,397,546,684,762,814,894,932
238	208
239	41,49,63,106,194,233,235,319,381,415,508,613,640,743,764,940,950
240	28,260,533,849,897
241	2,130,148,173,296,388,431,432,471,536,600,644,750,792,820,823,865,993
242	21,225,419,579,597,677,684,724,746,851,960
243	122,142,239,321,478,542,547,752,830,848
244	7,203,293,306,329,402,501,510,515,566,874,885,907
245	575
246	37,81,119,168,189,199,224,242,341,445,466,535,624,636,655,722,737,882
247	21,42,152,285,341,501,644,664,700,707,920
248	140,230,268,303,333,358,434,460,555,664,750,804,812,940
249	303,773
250	130,138,328,389,496,603,646,706,722,748,776,803,813,995
251	270,353,562,663,674,706,707,717,765,973
252	311,732
253	115,191,274,455,529,908
254	144,155
255	32,288,445
256	46,81,199,356,399,547,641,692,728,756,782,914,924,959
257	668,784
258	17,59,144,276,339,370,432,447,477,513,526,527,549,566,604,776,785,793,869,954
259	30,74,83,141,242,243,306,605,618,636,663,674,777,823,826,862,866,876,893,965
260	9,243,319,596,623,671,911
261	67,85,91,100,173,181,239,473,533,542,546,576,645,646,660,688,734,754,769,944
262	99,109,152,230,280,320,355,495,496,522,574,628,677,683,736,741,770,798,864,959
263	132,195,307,405,565,683,733,893
264	44,216,343,469,700,927,993
265	366,500,508,516,525,552,635,677,845,885
266	143,390,419,454,530,563,583,741,825,944
267	47,122,359,372,387,406,494,633,644,812,925
268	45,190,194,365,709,761,869,943
269	20,42,66,103,157,301,372,609,769,867,915,943,960,961
270	131,242,369,617,667,720,849
271	65,533,668
272	4,46,59,170,197,385,425,433,441,449,508,601,622,639,788,801,803,846,929,949
273	7,173,182,190,235,301,394,460,656,682,697,744,830,904,921,936,971
274	11,45,123,179,243,245,287,324,417,489,583,587,624,715,719,763,788,828,836,845
275	6,12,27,31,227,241,264,287,322,540,723,810,856,910,941,952
276	63,905
277	89,144,292,371,382,413,536,616,754
278	495,640
279	133,266,379,450,563,666,844,853,880,897,921
280	75,378,401,435,563
281	23,83,104,173,263,285,482,616,824,936,947,964
282	66,128,163,213,218,342,736,771,890,901,923
283	48,51,139,219,252,293,310,313,369,413,469,526,601,623,638,751,867,879,912,959
284	41,76,142,174,284,297,398,493,573,967,989
285	35,71,105,194,356,454,461,541,592,595,619,697,732,743,976
286	38,51,97,165,167,292,356,442,637,698,795,835
287	26,205,281,316,676,734,765,979
288	2,33,111,112,126,128,279,393,434,621,671,769
289	34,127,146,284,368,577,578,752,850,907,929
290	15,104,167,279,365,384,750,842,889,964
291	124,151,259,301,346,369,438,524,687,696,770,845,880,933,970,997
292	206,450,610,794
293	22
294	587,617,630,865
295	3,35,66,136,274,343,388,414,576,579,589,659,730,883,977
296	64,73,95,103,105,139,295,445,523,527,638,663,730,745,780,926
297	100,128,153,183,279,284,328,341,415,424,433,440,476,522,532,607,681,711,781,965
298	53,146,178,358,606,702,820,846,897,990
299	31,59,77,227,327,360,409,450,470,495,515,588,625,657,806,830,850,970
300	71,185,258,619
301	274,425
302	32,38,131,523,546,685,931
303	163,202,275,354,495,592,622,638,674,680,681,691,709,838,858,940
304	274,833
305	125,244,404,411,563,622,647,681,728,883
306	31,714,903
307	197,300,319,545,762
308	1,47,195,318,357,455,476,537,545,576,738,745,814,923,926,947,980,996,997
309	39,40,60,307,332,397,442,635,676,679,714,818,849,927
310	253
311	61,87,107,183,231,265,296,318,653,676,719,871,872,873,904,941
312	222,260,379,384,846
313	44,47,94,184,355,375,496,528,568,638,943
314	25,233,235,241,324,523,607,621,642,940
315	368
316	616,924
317	98,269,357,713
318	7,140,171,326,402,566,743,755,836,837,888,936,955
319	8,57,204,246,301,319,327,442,731,762,790,825,968
320	3,18,39,206,286,293,338,384,404,438,461,476,534,655,752,776,824,896,994
321	8,113,166,351,368,419,457,649,676,708,858,880,995
322	101,117,225,477,497,868
323	16,87,144,164,181,182,419,436,455,462,473,532,585,795,917,950
324	115,273,296,522,543,560,684,775,836
325	154,198,279,308,334,366,375,384,532,618,663,728,792,797
326	15,76,85,283,374,440,525,729,747,779,853,870,966,980
327	130,232,236,241,251,733,771,960,980
328	93,196,210,231,236,298,318,376,384,386,466,505,559,620,659,792,803,830,887,957
329	54,194,476,500,598,681,711,715,840,961
330	111,182,189,205,279,287,298,308,425,658,689,692,756,820
331	145,194,340,408,499,630,676,733
332	84,451,467,553,642,699,726,780,919,953,962,990
333	17,28,141,158,223,228,484,534,708,715,740,756,762,791,793,818,851,901,931,972
334	43,67,80,107,286,317,468,529,584,796,938
335	40,204,258,298,364,374,383,497,670,673,778,836,955
336	630
337	5,59,336,347,456,463,522,533,619,621,630,676,729,754,765,767,768,902,913,962
338	168,291,480,538,782
339	219,308,399,490,520,609,637,652,662,701,711,728,777,853,960,992
340	169,238,399,442,473,548,665,806
341	31,116,248,295,390,407,571,579,598,617,663,809,862
342	56,107,125,134,186,311,393,426,463,553,744,747,758,767,845,874
343	88,150,166,285,300,453,478,486,520,612,647,659,693,748,778,957
344	101,810
345	43,292,456,513,558,776,803,968
346	11,111,117,131,146,250,297,355,382,530,556,627,735,797
347	54,256,288,295,361,364,385,455,560,586,677,712,725,761,827,957
348	410,914
349	15,28,154,183,226,296,329,390,392,413,444,446,454,624,932,990
350	56,261,363,383,493,567,607,748,796,843
351	44,87,159,175,187,255,263,420,500,532,591,773,822,964
352	14,266,420,439,614,647,818
353	4,40,138,302,378,386,431,449,491,569,771,791,850,854,893,905,980
354	80,139,264,947
355	35,111,152,172,187,280,420,456,466,609,697,716,754,764,821,832,838,888,932,971
356	83,163,205,527,552,687,853,948,949
357	93,105,158,182,262,282,325,394,472,475,529,544,595,721,742,796,838,916,946
358	20,63,111,173,337,404,430,485,515,554,557,581,752,762,815,819,967
359	9,129,176,210,212,233,293,295,311,341,396,501,506,511,576,610,626,665,787,817
360	19,78,209,272,325,406,503,553,638,660,689,710,751,763,811,835,858,859,862,873
361	117,196,206,292,311,320,364,477,483,513,547,681,689,724,848,851,870,978
362	68,101,119,191,286,425,456,514,522,560,576,737,905,919,931,947,954,960
363	15,48,146,496,534,748,920,974
364	55,85,178,400,786,827,885,938
365	43,79,106,179,266,524,654,711,740
366	203,279,462,590,667,719,868,881,896
367	31,106,332,337,371,398,445,599,657,692,699,757,847,890,925,973,979
368	261,875,930
369	162,196,348,450,676,724,951
370	174,263,326,358,399,585,772,782,792,834,949
371	32,359,372,506,595,603,694,758,829,902,985
372	139,223,353,360,417,535,719,735
373	80,406
374	280,537,726,988
375	176,223,315,444,514,678
376	22,168,179,189,222,243,320,345,387,403,446,611,690,698,720,733,791,794,887,924
377	362,518,782,904
378	116,152,186,203,225,327,398,402,474,516,529,535,540,595,681,760,837,949,963,998
379	165,174,449,483,506,876,903,926,962,997
380	13,41,147,228,323,410,454,472,503,560,571,572,777,843,898,943
381	40,156,277,282,334,361,401,497,555,574,702,775,789,795,876,953
382	145,248
383	106,124,226,581,870
384	22,56,67,86,267,381,638,656,737,751,771,863,894,912,998
385	69,107,226,231,357,365,391,425,445,634,639,719,733,890,907,960,966
386	1,102,104,127,250,309,461,503,509,515,550,644,650,693,694,724,756,843,848,879
387	110,167,763
388	112,179,435,491,498,569,644,663
389	31,56,155,196,209,318,342,344,455,484,521,586,645,653,766,806,836,963,985,1000
390	5,226,532,826,864
391	163,187,374,441,646,720,762,963
392	241,561,649,779
393	167,646,842
394	3,32,71,189,336,455,478,549,655,686,810,813,841,976
395	20,167,171,179,211,241,333,466,605,635,673,881
396	252,278,399,542,694,873,977
397	7,48,75,383,475,602,700,716,893
398	2,231,274,364,424,651,855,955
399	23,56,122,268,283,334,363,407,711,740,830,855,948
400	524,643,840
401	118,214,324,394,449,478,923,954
402	30,134,196,217,273,395,580,646,680,969,989
403	115,178,201,207,263,360,370,379,403,549,564,613,643,653,668,809,933
404	2,123,198,243,433,441,704,890
405	26,378,506,612,749,994,999
406	88,105,116,186,281,348,369,378,457,591
407	51,70,147,192,240,386,467,526,727,738,849,924
408	162,189,226,239,276,287,297,349,367,413,446,633,634,653,754,756,807,862,875,947
409	33,34,116,196,223,278,406,412,415,459,477,574,578,628,630,692,698,776,972,985
410	346,636
411	28,48,85,153,257,264,273,409,414,432,576,603,629,730,795,971
412	368,420,667
413	133,257,305,369,390,642,692,705,712,894,908
414	35,345,364,367,411,423,501,506,601,713,755,799
415	38,131,262,458,463,590,656,698,749,793,811,831,975,980
416	96,106,157,174,371,444,543,583,606,614,642,857,952
417	17,81,229,426,431,461,542,568,583,644,826,854,912,979
418	20,62,184,209,314,336,371,383,477,479,605,838,927,954
419	15,157,211,265,270,387,505,611,686,689,717,723,760,810,903,931
420	193,261,335,361,887
421	142,191,381,452,459,465,475,512,674,706,736,762,772
422	47,80,255,429,533,742,851,867,941
423	119,251,401,416,452,524,526,561,589,716,743,826,891,950,969,972,995
424	45,274,541,614,881
425	190,275,378,512,539,546,590,719,766,828,858
426	58,196,282,383,468,471,502,508,528,537,549,637,657,667,669,703,715,991
427	79,95,215,249,254,300,345,415,475,502,523,544,708,734,802,803,832,839,905,973
428	203,263,285,372,537,588,723,797
429	4,18,151,399,466,542,782,931,953
430	16,400,778,869
431	62,267,369,394,447,581
432	15,87,256,265,431,487,684,790,811
433	8,76,188,216,263,305,352,418,437,476,692,974,989
434	91,148,213,259,502,531,633,670,877
435	240,352,504,514,615,667,954
436	537,849,912,945
437	393,442,807
438	135,702
439	36,50,75,158,214,472,494,528,536,547,555,658,702,830,895,905,958
440	28,314,413,505
441	28,238,304,309,376,767,830
442	8,16,87,102,195,375,531,578,590,615,621,671,721,774,930,996
443	13,31,66,126,257,364,488,622,806,839,909,920
444	53,74,245,465,478,595,618,686,688
445	9,20,78,118,130,168,187,191,193,355,561,572,580,637,710,733,832,892,913,988
446	334,344,541,617,649
447	54,139,156,198,230,270,414,460,463,530,571,598,603,692,699,726,878,907,959,992
448	5,87,181,199,236,291,392,413,430,452,493,638,681,933
449	16,64,143,173,189,331,449,542,609,816,984
450	170,299,315,371,388,696,838,971,975
451	374
452	138,168,244,263,435,630,727,784,841,923,930
453	187
454	24,38,51,131,149,159,339,392,409,518,675,742,847,886,991,1000
455	44,46,139,144,283,510,837
456	3,19,25,98,212,547,629,844,868,888,907
457	194,195,367,395,396,432,474,637,875,916,930,990,992
458	46,61,64,76,135,143,231,342,401,496,646,773,826,945
459	248,259,277,324,347,428,461,570,585,674,753,765,784,788,867,873,915,945
460	110,224,274,415,442,487,511,542,684,749,889,962
461	63,71,133,169,174,201,328,443,530,671,793,853,862,882,905,921,957
462	62,102,170,196,463,771,877
463	102,854
464	221,307,329,431,443,498,563,657,784,869,888,912,927,953,997
465	64,182,185,205,240,484,574,730,798,895
466	59,61,206,346,432,581,628,689,739,782,810,963
467	36,223,681,776,834,982
468	55,115,369,392,424,443,457,486,506,550,619,656,765,773
469	153,285,454,498,550,557
470	724,801,836,982
471	121,199
472	187,710,722,994
473	29,111,233,417,466,550,563,695,717,785,830,845,894,902,947
474	17,120
475	104,111,120,140,483,547,770,832,976
476	40,108,151,257,385,389,407,411,416,439,483,490,498,505,558,642,802,856,902,939
477	29,104,106,267,294,373,411,422,522,526,631,710,801,868,873,900,940,955,970
478	588,969
479	80,93,116,512,558,831,892,975
480	25,30,172,284,337,574,685,884,961
481	428,431
482	129,181,286,293,358,482,523,597,751,831,869
483	71,79,231,262,344,502,869
484	68,147,351,468,723,755,828,875,957
485	31,81,214,247,299,398,433,436,638,711,735,763,817,820,881,885,895,919,945
486	14,26,33,137,161,308,383,388,522,534,574,658,662,758,803,825,855,987
487	46,67,84,93,181,228,229,341,430,482,581,594,675,694,712,831,833,862,918
488	17,99,303,304,355,450,463,575,584,592,627,762,765,818,832,920,945,947
489	3,421,521
490	8,81,82,125,179,237,318,357,394,494,572,577,633,666,884
491	80,137,281,346,511,514,726,813,885,921,935,939,969
492	142,155,255,319,339,356,376,451,481,511,523,546,547,552,599,623
493	17,121,279,445,586,606,691,790
494	1,25,70,237,340,386,435,468,543,673,715,755,900,911,940,945
495	70,205,339,408,571,672,715,977
496	88,101,148,282,367,376,394,424,472,480,496,520,581,664,681,843,957
497	54,297,443,465,511,632,862,911,920,927
498	43,164,279,438,629,652,734,770,771,817,833,838,995
499	26,128,168,170,171,208,237,244,254,292,321,330,351,369,446,637,879,957
500	154,263,444,451,720,739
501	72,361,386,423,556,657,771
502	235,476
503	8,18,157,242,323,362,378,429,454,562,610,672,807,902,945
504	17,47,336,565,685
505	56,102,276,428,725,958
506	77,227,279,328,383,456,523,960
507	20,23,27,42,164,228,231,242,346,386,439,689,750,764,772,774,825,861,966
508	11,52,59,146,221,246,376,379,412,503,527,612,614,761,843,854,867,979,985,998
509	61,115,170,229,345,422,512,553,561,604,669,774,777,810,827,839,908,911,924,954
510	103,107,505,675,709,713,774,858
511	108,192,216,241,302,384,417,432,497,646,852,981
512	16,205,262,369,409,598,601,635,747,815,857,872,899,937,976
513	115,259,278,284,486,487,505,518,713,952
514	298,603,707,863,881,922
515	89,265,623,635
516	41,69,75,293,305,479,623,646,664,697,753
517	65,79,405,661,790
518	146,181,195,248,294,363,465,488,551,566,691,819,827,841,876,913,945
519	308,533,630
520	365
521	16,32,70,85,110,221,347,366,379,399,431,442,544,610,669,705,817,828,919,957
522	308,316,330,510,654,790,800,836,840,906
523	31,127,205,212,309,311,318,414,510,515,611,689,777,929,946,970
524	421,471,500,784
525	2,80,150,329,435,578,676,726,782,817,862,957,964
526	708
527	20,41,85,126,135,154,235,241,338,341,427,529,602,662,810,821,843
528	204,231,277,374,412,449,484,649,684,757,815,822,899
529	87,114,287,342,789,834,852,868,974
530	29,55,92,121,126,187,195,239,252,276,288,418,473,594,599,615,777,819,916,932
531	36,198,227,306,405,567,707,873,908,935
532	123,322,635,714,893,946
533	109,331,347,515,534,542,689,842,919,983
534	63,86,150,178,327,413,419,495,500,511,547,552,612,647,714,745,795,919,974,982
535	35,176,265,440,446,507,559,656,919,958
536	12,80,95,117,182,220,275,280,307,351,444,481,652,794,830,902,917,976
537	242,383,471
538	205,330,443,467,846,857,864,932,970
539	58,96,195,198,251,487,511,671,892,897
540	123,300,452,459,497,504,630,686,859
541	60,65,106,141,160,225,271,353,450,455,519,625,696,809,881,962,985
542	116,144,306,324,364,552,589
543	34,79,97,134,274,279,299,300,376,504,535,630,652,673,720,749,798
544	27,71,75,200,288
545	131,777,930,945,982
546	49,52,404,441,496,561,565,687,727,728,753,821,862,939,942,961,972
547	25,283,347,352,419,431,515
548	5,111,122,141,151,364,447,505,580,623,669,808,892,895,943,965
549	18,81,162,170,226,300,324,348,354,450,463,472,535,560,703,732,780,844,871,877
550	237,304,313,402,461,478,679,857,968
551	85,515,528,533,585,644,762,780,857
552	29,129,210,452,550,596,793
553	27,143,277,404,443,484,619,653,689,699,744,783,789,946,978,999
554	72,106,236,267,336,344,558,584,661,735,752,936
555	85,428,514,571,591,819,935,963
556	888
557	9,25,50,53,73,92,133,151,152,234,448,483,491,521,541,568,674,800,883
558	35,160,201,219,257,288,292,549,616,755
559	4,31,58,87,117,145,165,170,221,486,575,578,956
560	17,42,339,402,414,464,512,538,693,836,870,879
561	75,87,110,186,309,496,520,620,804,808,846,909,924
562	196,257,301,322,372,389,456,503,581,594,685,708,790,857,889
563	184,252,276,400,407,477,554,667,836,844,914,933,979
564	39,73,423,473,572,742,835,849,907,917,919,952
565	900
566	21,27,86,152,218,240,273,386,479,520,565,585,631,794,847,894
567	341
568	16,303,359,447,821,900,927
569	646,875,908
570	4,159,274,358,424,460,471,590,875,925,946
571	166,637,867
572	309,339,517,524,589,841,899,920
573	880
574	56,122,172,201,234,325,339,428,526,568,649,658,669,715,777,913,926,943,945
575	9,31,53,120,200,386,432,522,817,866,870,896,975
576	1,6,132,155,207,238,316,320,349,398,401,429,505,534,557,572,640,754,767
577	101,195,299,477,496,661,672,973
578	165,241,425,426,544,552,665,780,898,980
579	84,361
580	90,317,330,348,372,484,561,614,713,738,780,876,887
581	24,123,128,199,298,406,427,469,509,561,581,630,647,667,699,848,956
582	1,450,451,481,544,569,669,802,958,968
583	49,174,205,229,243,273,301,364,428,456,503,512,646,773,780,790,792,887,940,965
584	441,489,969
585	191,211,350,415,500,852,855,920,946
586	15,48,116,201,304,310,390,430,512,613,741,807
587	13,68,178,208,237,323,332,397,460,498,744,781,811,917,938,939,969
588	6,25,56,87,99,169,170,311,320,348,374,568,628,637,671,703,734,885,944,993
589	167,180,362,384,387,547,549,764,802,835,841,934
590	28,141,189,228,277,338,488,562,605,616,669,671,795,921
591	58,110,119,138,195,224,243,531,615,839,920
592	38,247,248,513,526,662,683,698,709,740,791,795
593	46,180,201,316,318,324,343,446,539,635,646,688,716,741,929
594	164,556,577,613,741,862,877
595	130,330,380,406,485,499,554,566,619,693,708,916,931,972,973
596	307,981
597	798
598	20,126,157,219,231,314,354,391,517,521,538,760,827,961
599	68,106,231,425,541,550,566,635,682,799,809
600	53,364,416,446,467,649,695,743,791,867,882,885,893,897,926,945
601	79,82,211,287,438,662,757,913
602	5,41,133,245,310,316,340,375,454,524,557,655,684,837,882,883,893,934,943
603	50,101,309,424,435,498,501,557,609,778,896
604	177,310,361,451,567,636,649,786,795,883,918
605	91,196,231,411,448,575,592,633,692,915,997
606	96,112,136,178,220,273,297,438,462,567,600,663,780,821,916,935,942,952,985,991
607	98,139,142,205,341,391,458,552,706,947
608	18,116,182,242,331,351,401,426,617,681,685,886,941
609	51,75,132,133,169,232,344,370,413,448,789,790,815,929,961,981
610	79,128,148,180,186,252,302,318,374,719,784,785,874,961
611	31,248,302,401,424,472,666,922
612	38,177,228,248,681,692,749
613	175,187,330,750
614	217,322,642,778,999
615	322,616,638,664
616	265,423,895
617	29,73,183,189,224,271,402,425,462,465,477,502,714,771,796
618	89,180,312
619	74,141,148,160,169,255,308,377,396,407,460,554,576,679,725,729,805
620	27,413,481,485,510,638,780,791,833,911,926
621	3,161,179,322,349,374,398,490,548,576,636,684,758,831,903
622	2,53,150,218,323,340,348,413,506,526,528,588,595,600,651,710,749,870,979
623	43,157,159,192,365,420,428,512,679,721,761,784,813,856
624	174,204,228,232,258,317,354,385,461,468,479,541,573,654,738,740,906,984,985
625	1,292,351,390,439,469
626	144,164,392,442,594,611,640,702,713,763,781,807
627	254,405,472,502,506,655,899
628	24,110,142,157,221,472,511,630,704,764,825,856,947
629	8,85,201,251,321,376,391,415,558,561,563,590,613,672,706,733,751,759,944,958
630	379,445,551,564,647,677,811
631	96,102,137,297,300,331,358,395,553,556,595,678,717,741,793,801,915,963,990,998
632	74,75,122,124,237,288,303,323,376,378,387,473,477,612,851,900,929,954
633	24,53,152,260,312,357,359,413,429,431,482,652,662,682,718,807,951,956,982
634	13,135,547,680,692,788
635	60,63,101,105,272,347,539,551,622,712,863,952
636	336,616
637	27,102,113,205,399,504,522,539,707,854
638	5,27,171,350,408,418,524,525,552,556,620,674,677,746,802,804,821,825,924,961
639	52,111,140,153,185,223,230,384,419,428,448,466,534,681,698,770,805,934,964
640	25,52,158,190,305,383,458,468,541,581,664,669,694,731,794,828,838,854,940,1000
641	52,184,199,211,348,406,432,465,486,602,645,657,727,819,885,907,959,984
642	65,96,114,167,220,281,286,310,489,492,521,552,610,658,662,679,755,909
643	125,190,440,543,641,665,774,849
644	22,44,150,239,290,292,310,320,347,374,479,616,792,803,851
645	2,84,244,293,344,416,461,589,643,754,810,918,925,931
646	58,237,428,753,986
647	22,198,392,423,435,580,603,662,806,808,811,853,892,931
648	392
649	3
650	80,149,152,240,271,364,608,613,722,766,784,802,855,857,890,901,910,932,972
651	88,192,311,369,415,444,457,468,489,565,706,733,796,797,865
652	26,49,167,211,213,317,383,406,449,464,503,703,712,752,845
653	40,53,150,154,209,276,741,761,837,838
654	41,115,365,415,543,558,659,771
655	566,882,896
656	171,244,300,558,661,685,709,870
657	38,180,246,303,305,414,415,532,661,773,810,811,839,845,873
658	23,115,232,524
659	331
660	30,64,83,118,155,229,411,441,482,499,639,726,731,800,916,923
661	64,145,289,410,477,677,855,885,945
662	92,129,147,192,291,362,406,470,492,610,621,637,719,733,770,885,990
663	26,82,95,115,124,154,227,240,388,428,431,464,477,492,763,829,866,923
664	235,459,668
665	82,173,267,277,556,594,835,838,888,891,995
666	98,108,123,149,165,166,272,486,519,713,767,870,882
667	14,32,90,190,253,353,382,461,473,528,624,641,683,766,869,908,942,955,968
668	510,619,626,785,825,999
669	124,185,207,233,276,336,340,341,381,400,517,584,778,859
670	173,176,275,499,978
671	48,100,200,312,351,466,632,653,736,744,758,767,774,822,825,841,941
672	78,247,252,409,476,580,648,690,697,711,732,742,851,938,961,984
673	23,89,90,183,214,380,385,388,410,457,556,557,609,685,704,715,876,891,904,967
674	117,173,190,213,304,340,391,437,599,762,899
675	168,285,413,524,895
676	42,296,377,420,426,534,550,665,768,778,790,832,833,846,881
677	207,256,297,309,717,778,809,912,949
678	18,36,51,250,284,537,794,815,828,901
679	40,329,338,530,555,567,587,671,697,891,995
680	31,167,206,238,377,562,590,643,795
681	46,354,558,693,991
682	32,114,333,471,907
683	275,605,733,879,917
684	357
685	36,86,293,302,342,396,446,494,553,607,609,641,645,653,691,746,811,918,928,945
686	52,80,106,237,449,488,508,628,761,824
687	375,619,767,772,821,903
688	10,135,248,275,302,323,384,471,495,639,735,751,779,866,903
689	84,119,163,369,421,444,635,824,826,937
690	279,329,363,382,428,544,553,646,697,967
691	603
692	3,70,176,229,268,274,300,376,396,409,455,552,586,684,758,846
693	84,309,398,407,420,487,628,749,954
694	67,191,548,793,928
695	162,174,269,650
696	83,322,367,414,453,476,701,739,845
697	67,148,155,161,181,220,242,349,355,418,447,536,612,619,646,716,764,857,875,953
698	39,210,489,627,872
699	649
700	113,229,244,284,756,918,987
701	61,227,308,326,367,473,506,588,656,683,697,723,737,741,769,805,851,998
702	94,334,336,441
703	41,138,240,357,386,464,472,548,648,675,729,826
704	666
705	86,211,298,335,464,484,551,570,572,577,595,675,685,697,757,781
706	59,90,100,642,646,856,872,975
707	32,104,137,170,234,275,320,335,356,527,543,595,772,841,856,874,886,971
708	26,31,199,282,402,414,417,489,592,662,777,830,980
709	13,118,316,371,405,406,546,566,568,616,626,697,891,942,947
710	77,308,336,365,371,419,521,529,534,555,603,756,758,852,853,866,938,952,973
711	57,203,235,275,358,466,529,555,582,619,664,816,845
712	39,83,174,268,378,414,442,453,474,483,547,556,731,778
713	165,234,284,374,543,564,641,668,731,749,947
714	31,179,244,452,583,689,931
715	35,49,76,93,219,253,377,511,524,651,676,686,690,780,851,852,912,949,985
716	329,441,496
717	189,192,238,240,252,282,347,358,453,473,558,581,635,694,719,734,806,860
718	820
719	25,64,68,127,281,360,374,384,461,532,547,584,606,612,621,747,918,994
720	79,337,411,534,658,771,962,988
721	82,134,160,166,434,565,627,748
722	21,32,66,86,108,214,337,381,447,501,564,566,673,692,901
723	115,123,188,271,339,397,570,600,611,727,883,902,967,994
724	246,262,337,437,553,640,645,728,777,783,913
725	21,100,273,315,340,434,517,553,668,760,804,821,887,930,983,986
726	32,823,916
727	42,48,164,267,316,320,445,456,531,653,690,765
728	133,199,201,393,489,504,581,592,704,714,871,894,901
729	117,144,164,351,462,489,752,779,808,813,909
730	350,601
731	154,203,338,726,991
732	40,191,334,483,510,674,725,894,994
733	27,53,154,278,361,400,451,496,519,548,663,798,800,835,888,902,953,975
734	208,348
735	94,153,275,280,510,535,598,627,631,683,692,726,732,860,937
736	11,78,146,196,269,333,347,406,468,548,584,596,630,776,802,846,932
737	50,202,219,447,493,518,525,545,671,794,834,926,941,979,985
738	78,141,268,366,385,413,482,595,693,755,826,887,944
739	81,209,213,287,324,330,369,434,459,505,532,552,637,646,776,789,917,943,954
740	124,161,470,489,516,526,547,576,644,649,734,747,824,935,937
741	101,115,129,207,233,395,838,872,966
742	180,314,394,445,488,568,672,812,833,836,878
743	433,498,603,604,668,752,967
744	328,425,457,473,505,578,607,625,742,765,791,872
745	57,193,566,773
746	358,619,739
747	1,36,48,59,95,157,192,196,200,310,324,362,423,479,493,529,570,812,832,949
748	187,260,412,735
749	38,111,116,133,199,231,412,430,459,518,574,623,666,729,748,753,852,916,922
750	208,400,452,630,764,942
751	17,60,61,123,147,151,210,223,327,347,416,431,452,460,621,671,705,864
752	78,164,783,990
753	65,120,159,174,200,210,215,261,294,354,432,514,599,690,761,894,903,910,922,952
754	26,41,136,266,356,411,474,549,597,618,777,828,831
755	67,86,163,256,275,276,318,342,347,498,506,510,701,929,938,959,978,983,1000
756	37,573,819
757	134,218,228,233,242,303,353,367,388,465,470,616,709,770,812,931
758	848
759	538
760	60,159,196,201,317,331,372,385,479,485,572,610,635,693,906
761	87,98,201,221,223,287,349,455,514,571,667,714,812,834,852
762	696
763	81,96,111,133,293,347,493,614,708,718,725
764	34,48,62,103,223,267,309,367,417,470,532,544,547,713,740,910,979
765	41,152,243,611,612,794
766	5,48,104,387,430,808
767	3,41,61,97,108,158,243,249,286,289,523,536,596,712,757,853,862
768	154,220,449,482,569,835,976
769	201,636
770	31,97,116,325,392,497,591,957
771	81,305,321,327,328,368,384,428,674,722,725,867,880,954
772	134,234,263,708,753
773	169,529
774	85,111,112,195,206,396,518,537,557,633,635,659,701,759,772,810,978
775	34,70,190,405,410,645,796,843,886,949
776	129,783
777	106,128,135,185,196,258,338,378,485,604,616,730,754,778,853,890
778	106,415,585,813
779	94,148,255,327,385,436,553,795,990
780	343,349,540,650,738,789,939
781	362
782	99,290,382,436,458,570,592,681,698,709,723,756,864,870,938,967
783	130,273,305,309,565,643,863,998
784	138,250,299,414,491,577,736,906
785	19,36,121,201,205,206,222,354,374,402,497,498,562,660,704,791,869,898,996
786	21,127,214,437,470,743,744,828,901
787	66,116,464,525,541,577,585,869
788	2,143,148,150,154,163,209,255,296,358,452,484,496,558,602,619,831,849,866,874
789	157,294,561,697,827,940
790	26,117,168,221,275,358,458,518,535,555,563,607,641,664,675,755,847,955
791	44,127,140,204,223,227,391,410,570,800,839
792	30,216,265,288,308,357,417,543,573,592,601,679,730,766,855,884,896,976,983
793	84,89,102,180,195,326,333,380,470,533,643,726,867,952,955,957
794	137,189,224,608,636,646,718,782
795	798
796	153,175,181,215,248,316,359,380,415,497,638,640,642,703,713,741,775,798,820,974
797	408,421,457,510,519,541,542,701,705,729,758,814,816,820,863
798	26,128,135,159,300,351,416,531,576,696,714,830,831,900,975
799	65,127,128,149,214,300,307,344,643,735,790,830
800	36,229,398,407,412,420,457,462,473,532,720,744,822,977,983
801	188,235,535,546,560,637
802	65,226,306,346,455,462,542,543,736,760,785,813,897,957
803	96,215,297,445,482,500,657,800,828,901,966,993
804	6,43,140,344,378,513,859
805	15,106,164,342,364,376,414,575,861,883,889,924
806	24,114,128,160,277,332,462,535,833,940,942
807	236,288,430,521,523,530,767,891
808	89,102,103,109,163,402,474,512,564,586,603,743,779,961,968,981,988
809	38,105,215,467,634,897
810	104,277,647,733,751,787,826,831,902
811	69,98,115,240,428,447,461,481,593,612,621,700,709,767,784,850,875,914,966,993
812	96,138,142,181,292,340,376,430,444,553,601,671,804,922
813	3,32,51,133,357,522,543,658,699,720,742,887,888,913
814	88,336,657,884
815	45,177,231,391,420,471,596,637,642,705,795,871,942,984,990
816	27,75,119,200,238,261,292,326,421,464,617,631,655,660,797,896,970
817	41,43,51,83,166,356,396,401,527,559,563,591,627,654,790,854,912
818	22,80,88,110,160,271,275,408,438,524,620,742,763,792,818,975
819	3,4,10,12,141,183,278,315,371,496,559,705,779,896,977,998
820	99,136,170,238,326,396,475,701,712,720,732,786,805,856,933,936
821	70,188,216,263,540,608,797,798,813,949,965,994
822	25,47,79,94,221,281,292,301,374,377,467,479,578,596,605,615,806,844,897
823	98,124,173,304,474,579,906
824	107,263,304,349,366,980
825	44,147,254
826	368,453,461,873
827	91,124,169,441,449,457,511,609,638,661,678,679,795,852,884
828	143,147,180
829	294,296
830	48,65,115,207,213,219,256,311,466,603,644,785,794,796,800,889,910
831	90,227
832	35,52,193,428,467,472,477,587,593,646,651,682,683,691,699,747,832,915
833	22,40,57,75,93,146,287,370,388,484,603,631,707,789,864,939,971,986,996
834	48,145,234,243,270,273,296,342,363,498,550,695,710,719,816,907
835	18,23,81,178,201,344,389,413,496,504,561,585,606,651,721,924,940,941
836	146,168,194,201,328,355,407,414,450,564,577,725,801,841,849,914,958,959,967,988
837	6,90,102,112,196,208,249,271,313,316,366,556,770,807,816,950
838	9,31,125,333,432,497,634,739,784,829,861,878,889
839	26,170,434,441,479,556,573,603
840	18,68,101,251,511,821,898
841	46,125,139,192,258,275,382,436,511,602,607,647,724,812,859,868,914,978,993,999
842	44,58,261,273,288,308,311,345,399,400,493,513,538,582,626,831,891,912,924,953
843	130,318,433,900
844	531,631,999
845	88,313,465,496,632,633,676,841,928,966,968
846	400,825
847	879,927
848	130,156,173,264,419,453,469,490,515,604,643,717,731,778,825,904,917
849	25,56,281,328,345,386,482,501,591,684,742,810,814,826,853,877,897
850	21,245,473,607,642,671,675,717,777
851	264,275,464,606,977
852	9,46,100,202,291,314,729,784
853	557,823
854	24,45,156,353,449,520,525,595,654,733,941,973
855	6,12,162,190,218,258,352,364,399,412,713,759,760,806,823
856	30,33,52,339,403,459,464,521,612,681,712,776,781,855,909,989
857	370,506,997
858	63,112,114,123,191,205,207,264,335,499,504,521,564,607,684,790,860,869,950
859	44,111,177,205,436,487,536,689,696,773,786,991
860	6,19,107,156,189,403,418,453,521,549,762,775,816,830,839,844
861	12,157,177,198,232,351,558,588,650,734,828,934
862	51,62,233,472,555,607,620,651,758,896,954
863	3,39,72,87,93,215,232,344,355,526,569,619,744,778,822,897,906,932,949,961
864	945
865	23,32,54,114,121,139,174,223,251,255,445,466,519,589,625,755,900
866	98,101,203,205,231,384,417,477
867	28,183,194,259,332,393,461,478,487,601,610,724,770,809
868	47,200,345,350,444
869	378,434,581,986
870	19,22,102,106,111,201,211,269,277,323,383,621,627,687,739,773,819,889,997
871	21,264,537,635
872	12,69,81,94,136,255,351,478,535,546,593,759,772,792,838,892,900,985,999
873	107,118,482,555,579,586,694,927
874	382,537,647
875	121,240,279,323,759,899,931
876	58,208,499,649,712,768,831,839
877	76,126,270,310,345,427,467,521,576,689,732,855,922,931
878	433,644,782
879	28,119,219,224,454,561,620,704,935,985,986
880	63,265,388,399,487,631,900,948
881	9,70,82,156,172,283,383,474,523,584,687,836,918,952,977
882	56,175,249,321,545,645,709,722,823,832,907,913,989
883	81,346,374,444,634,692,852,855,928
884	289,371,403,499,626,741,947
885	128,133,246,247,279,537,563,605,711,833,910,959,961,966
886	397,734,809,850,879,989
887	58,209,283,307,324,357,413,862,867,889
888	67,131,214,229,361,367,411,491,535,717,733,771,847,849,872,887,939
889	394,984
890	74,97,101,156,170,173,183,226,375,442,500,522,556,612,677,855,929
891	320,351,402,704
892	83,141,196,243,283,329,386,425,448,459,498,533,796,928,998
893	97,201,288,336,403,444,558,738,879,881,920
894	86,406,718,918
895	31,150,530,722,869
896	21,22,24,99,243,249,313,320,359,362,442,501,574,633,661,812,936,938
897	74,131,133,277,328,470,490,550
898	33,43,186,853,867,899
899	93,97,99,101,105,106,115,154,282,287,510,511,588,743,766,779,793,970,989
900	114,158,205,315,327,379,400,416,431,434,440,472,545,551,811,813,991
901	51,86,98,102,209,287,318,322,367,442,492,561,563,732,744,805
902	110,340
903	166,167,172,391,418,449,499,556,776,791,804,878,883,931
904	14,77,88,120,123,161,197,221,314,374,376,446,557,767,851,908,949
905	20,130,307,334,348,363,373,427,655,742,821
906	121,129,311,356,361,368,444,475,499,553,654,720,776,785,806,816,852,950,975
907	36,111,158,213,246,248,360,447,461,556,642,685,802,827
908	50,113,142,320,437,577,737
909	15,45,61,114,333,413,450,467,629,630,676,706,746,833,919,935,996
910	16,129,206,211,222,250,263,277,286,298,373,399,400,402,413,556,791,802,980
911	73,96,120,127,238,261,268,274,438,484,571,602,661,714,770,797,878,888,909
912	20,687,706,878,963
913	80,112,507
914	175,230,375,410,560,773,787,912
915	47,95,152,237,250,294,308,342,343,401,513,664,679,720,802,805,865,931
916	13,53,117,252,333,385,427,449,498,558,861
917	65,101
918	130,266
919	30,109,230,410,437,775,781,866,936,985
920	325,452,453,473,545,562,626,802,930,980
921	150
922	20,33,65,193,350,402,431,483,506,576,604,613,869
923	716,925
924	353
925	26,30,143,208,216,315,419,598,624,685,780,808,842
926	514,653
927	141,157,195,210,220,362,511,553,563,838,917,987
928	12,41,182,267,286,313,316,494,583,674,679,689,730,763,765,787,883,910
929	35,157,238,340,517,633,687,741,767,769,786,862
930	91,103,737
931	15,49,265,266,273,328,504,505,578,597,617,849,854,881,921,970,975
932	116,222,277,341,603,969,986
933	84,115,158,234,380,450,468,641,662,697,794,918
934	112,187,228,315,475,766,847,917
935	28,130,328,368,642,833,887,939
936	73,99,134,172,182,203,240,289,303,378,473,480,521,595,723,761,762,858,966,988
937	491
938	291,295,627,677,716,726,927
939	26,291,292,313,368,425,504,545,696,713,895,961
940	31,116,217,256,284,304,309,369,431,478,658,670,676,730,875,888,913,928,960
941	9,98,299,443,500,531,546,717,724,808,849,947,990
942	37,47,55,64,102,272,322,334,348,538,803,824,845,860,877,933,973,977
943	145,228,687,893
944	13,125,177,199,205,343,442,449,479,576,655,658,770,783,813,816,896,900,924
945	79,172,237,319,342,391,481,488,549,610,631,689,697,776,851,987,994
946	60,378,591,798,863
947	73,85,88,111,263,273,342,367,435,450,466,559,637,697,717,718,845,914
948	138,149,176,182,216,272,425,548,575,615,662,830,860,893,966
949	61,171,275,301,480,498,613,854,987
950	126,189,223,241,371,477,698,834,951,952
951	786
952	228,259,309,473,897
953	62,88,99,150,173,180,271,471,587,599,601,630,632,749,754,771,802,845,988
954	433,901,922
955	57,103,195,294,325,329,419,449,542,585,688,708,737
956	235,240,758
957	104,611
958	127
959	224,880
960	18,40,63,104,109,114,368,563,594,692,720,858,903,906
961	51,255,274,511,968
962	136,191,221,391,450,463,523,594,695,721,724,804,870,903,962,977,981
963	56,63,128,155,205,262,405,513,659,756,830,925,995
964	60,168,244,257,263,296,340,398,400,448,579,612,615,786,789,834,854,956,975,980
965	62,145,375,504,569,610,632,647,765,787,817,865,914,944
966	388
967	187,207,370,445,663,784,866,868
968	50,54,119,122,268,373,393,404,438,559,622,632,719,790,825,927,935
969	137,359,398,421,473,609,666,714,888,912
970	153,285,612
971	100
972	38,138,212,300,324,350,409,620,667,736,763,791,829,887,916,986
973	24,68,106,223,232,269,272,315,399,410,563,589,694,706,798,875,942,958
974	3,23,257,308,327,376,549,797,901,918,921
975	194,234,451,518,705
976	68,334,970
977	581,723,937
978	143,200,468,530,628,740,904
979	14,115,265,329,478,975
980	14,98,104,109,138,204,219,227,355,369,473,509,552,604,719
981	31,80,145,151,157,226,229,235,249,279,296,334,360,485,507,642,732,839,931
982	6,109,197,226,337,406,461,510,518,533,598,606,626,671,672,801,842,852,959
983	43,301,973
984	44,305,381,382,550,620,635,637,729,742,989
985	138,209,261,291,328,329,410,548,568,615,817,933
986	152,687,740,757,918,923
987	2,176,448,504,522,525,604,695,696,733
988	34,122,186,208,256,285,301,328,444,450,469,645,696,738,820,851,920,968
989	20,30,212,359,366,496,598,638,694,699,701,703,740,756
990	76,140,317,347,352,429,441,539,643,739,766,798,800,803
991	50,165,274,501,604,614,675,735,859
992	1,59,65,157,257,370,408,490,600,860
993	94,163,258,437,453,462,529,534,567,577,693,763,819,860,863,933
994	369,764
995	370,526,761,971,987
996	46,294,656,888,933
997	24,121,136
998	30,58,191,347,444,499,526,669,952
999	33,140,155,199,254,389,464,496,697,772,970
1000	300
